last_crawled <-
structure(1534776135.40794, class = c("POSIXct", "POSIXt"))
